/content/drive/MyDrive//models/resnet152_MRGHG_Demo1.pkl
[53.32044528346486, 47.30134645296694, 32.526313286121855, 59.268169794234005, 45.875365560511284, 41.832613225564934]

/content/drive/MyDrive//models/Resnet152_MRGHG_test2.pkl
[46.98634418116322, 47.39913820344786, 32.827635093134035, 51.619035100133445, 45.75199291298387, 37.79706804910388]

/content/drive/MyDrive//models/Resnet152_MRGHG_test3.pkl
[45.524828137649564, 47.35092682850917, 32.23898546382161, 50.97296198469127, 45.719808070862406, 36.36382677088086]

/content/drive/MyDrive//models/mrghg_fullnorm.pkl
[15.060668187858653, 15.971213703588, 22.123842117677373, 19.183957215183092, 13.293141171586038, 16.19246861674111]

/content/drive/MyDrive//models/mrghg_180221_opts.pkl
[18.291593829478845, 18.031859938682814, 21.12721562264895, 17.813333427718675, 14.436916452245624, 18.167178175725844]

/content/drive/MyDrive//models/mrghg_200221_opts.pkl
[16.25513346055961, 17.85298764642644, 22.34316543261809, 19.12806127396212, 13.507445828974639, 18.278690996977552]

/content/drive/MyDrive//models/mrghg_230221_resnet34.pkl
[16.995606712281692, 17.40363429316209, 21.954572785236106, 17.382349583613998, 13.17912710237674, 21.093615432677936]

/content/drive/MyDrive//models/mrghg_060321_increased_dataset_size_to_3k.pkl
[16.613404571906134, 16.131523866128035, 23.997427870797484, 22.414078040101508, 13.082733684753132, 20.595936097067316]

/content/drive/MyDrive//models/mrghg_060321-resnet34_increased_dataset_size_to_4k.pkl
[25.49589951307166, 26.50641483190251, 29.89925390259741, 32.32861326028734, 24.60083976069594, 25.30047739229336]

/content/drive/MyDrive//models/mrghg_060321-resnet50_increased_dataset_size_to_4k.pkl
[17.8842898637331, 19.66685805992716, 22.462050607917714, 17.448131988043638, 13.20466499595313, 17.674601536176443]

/content/drive/MyDrive//models/mrghg_070321-resnet101_increased_dataset_size_to_4k.pkl
[16.66035031910334, 20.216237619935495, 26.47290903506255, 22.407596298141584, 13.582611227235326, 17.048010479275526]

/content/drive/MyDrive//models/mrghg_060321-resnet152_increased_dataset_size_to_4k.pkl
[16.55322436629983, 15.98279957498171, 24.022905300789585, 23.213176807668344, 12.92611985007627, 20.478941310640092]
