/content/drive/MyDrive//models/resnet152_MRGHG_Demo1.pkl

[7.403736169791503, 6.772623377444632, 6.087157055535816, 7.198876773567993, 6.8326588994732855, 6.175130297715783]
/content/drive/MyDrive//models/Resnet152_MRGHG_test2.pkl

[6.978767722383618, 6.786728715935962, 6.119197573681723, 6.656278962586561, 6.8387794967802416, 5.826363192573982]
/content/drive/MyDrive//models/Resnet152_MRGHG_test3.pkl

[6.875622115552879, 6.78397043567143, 6.070398188590856, 6.608560545897165, 6.835315264371858, 5.6933120934674335]
/content/drive/MyDrive//models/mrghg_fullnorm.pkl

[3.801544323700771, 3.8774151558253167, 4.72306779669789, 4.5871992810701645, 3.919283106420531, 4.204663610791575]
/content/drive/MyDrive//models/mrghg_180221_opts.pkl

[4.332800821732345, 4.102108907452993, 4.657751296991549, 4.483042331473563, 4.008478386699763, 4.388499064680933]
/content/drive/MyDrive//models/mrghg_200221_opts.pkl

[3.6012282062662035, 4.098959499826778, 5.010753361192024, 4.616027663976776, 3.750190173895545, 4.572763544227298]
/content/drive/MyDrive//models/mrghg_200221_bigimg.pkl

[3.6012282062662035, 4.098959499826778, 5.010753361192024, 4.616027663976776, 3.750190173895545, 4.572763544227298]
<class 'Exception'>
model appears to have died. skipping... /content/drive/MyDrive//models/Decent models.gdoc
/content/drive/MyDrive//models/mrghg_230221_resnet34.pkl

[4.104766309973481, 4.036186783243808, 5.048042613141797, 4.312141417307966, 3.872290525676891, 4.89949527085536]
/content/drive/MyDrive//models/mrghg_060321_increased_dataset_size_to_3k.pkl

[3.9618833440699825, 3.890713183559833, 5.280965118967442, 4.008732796138139, 3.848196489020292, 4.270590646612492]
/content/drive/MyDrive//models/mrghg_060321_increased_dataset_size_to_4k.pkl

[3.9526866495832103, 3.8754717898348923, 5.280846789625112, 4.0747355867598385, 3.8335372068308704, 4.262732090726428]
/content/drive/MyDrive//models/mrghg_060321-resnet152_increased_dataset_size_to_4k.pkl

[3.9526866495832103, 3.8754717898348923, 5.280846789625112, 4.0747355867598385, 3.8335372068308704, 4.262732090726428]
<class 'Exception'>
model appears to have died. skipping... /content/drive/MyDrive//models/mrghg_060321-resnet18_increased_dataset_size_to_4k.pkl
/content/drive/MyDrive//models/mrghg_060321-resnet34_increased_dataset_size_to_4k.pkl

[5.04739508104426, 5.179354368937691, 5.892501025524817, 5.697214160234871, 5.234442638059794, 5.188773207529558]
/content/drive/MyDrive//models/mrghg_060321-resnet50_increased_dataset_size_to_4k.pkl

[4.110042103333927, 4.290606233666592, 5.076399580212786, 4.005016728919916, 3.9087707764227013, 4.127977781941418]
/content/drive/MyDrive//models/mrghg_070321-resnet101_increased_dataset_size_to_4k.pkl

[4.002798416472508, 4.369058570728193, 5.5417832463682535, 4.040312579348184, 3.953471895777847, 4.1207453889695005]

