/content/drive/MyDrive//models/resnet152_MRGHG_Demo1.pkl
[53.276166856848484, 46.05136452576713, 32.564472666419036, 59.36702235716258, 46.018015835635204, 41.65690199811762]

/content/drive/MyDrive//models/Resnet152_MRGHG_test2.pkl
[47.20673279327547, 46.23479075318198, 32.98286485444698, 51.910438919306145, 46.1069017797506, 37.223145662464745]

/content/drive/MyDrive//models/Resnet152_MRGHG_test3.pkl
[45.65131628454006, 46.1408210500997, 32.37346094284578, 51.215479515486244, 46.07948552417442, 35.76724053160727]

/content/drive/MyDrive//models/mrghg_fullnorm.pkl
[15.534626008716522, 15.099960342702241, 21.865915861027556, 19.07279613853329, 14.868801826860626, 16.710043483754525]

/content/drive/MyDrive//models/mrghg_180221_opts.pkl
[17.993409821468905, 17.024019557312343, 21.184329089832868, 18.18396025850419, 15.220854757394926, 17.76196675812915]

/content/drive/MyDrive//models/mrghg_200221_opts.pkl
[15.574894218043312, 16.971383217675974, 22.415775537400886, 19.630519220792312, 14.6303040033866, 19.655929448738508]

/content/drive/MyDrive//models/mrghg_200221_bigimg.pkl
[15.574894218043312, 16.971383217675974, 22.415775537400886, 19.630519220792312, 14.6303040033866, 19.655929448738508]

/content/drive/MyDrive//models/mrghg_230221_resnet34.pkl
[16.840863013646267, 16.14198818240881, 22.114832795548363, 18.165886952251462, 14.433913487379714, 21.502934872601838]

/content/drive/MyDrive//models/mrghg_060321_increased_dataset_size_to_3k.pkl
[16.20790327985136, 14.904575420446895, 24.15772087626314, 22.713443086410326, 14.625864531406183, 20.123636156984563]

/content/drive/MyDrive//models/mrghg_060321_increased_dataset_size_to_4k.pkl
[16.147708498223604, 14.787404699840708, 24.191993513711783, 23.508533431965308, 14.49887158666792, 20.02136435205832]

/content/drive/MyDrive//models/mrghg_060321-resnet152_increased_dataset_size_to_4k.pkl
[16.147708498223604, 14.787404699840708, 24.191993513711783, 23.508533431965308, 14.49887158666792, 20.02136435205832]

/content/drive/MyDrive//models/mrghg_060321-resnet34_increased_dataset_size_to_4k.pkl
[26.378333464789236, 26.22293694901906, 29.747608300054885, 33.68761525981943, 26.762019094481, 25.50223759494933]

/content/drive/MyDrive//models/mrghg_060321-resnet50_increased_dataset_size_to_4k.pkl
[17.586083893257268, 18.24891352291298, 22.532098129591805, 18.42399556753232, 14.62265208141589, 17.510109678163094]

/content/drive/MyDrive//models/mrghg_070321-resnet101_increased_dataset_size_to_4k.pkl
[16.402560948391578, 18.908555065611928, 26.55868219363815, 22.848297183549118, 14.981227506582337, 17.051735647126577]

